100
42
11
1
2018
7525409241946512
1555555555555555
5955447288496563
2959315698443045
8531402707573095
1913136207574832
4119620374698739
4865220603506305
3325147902353627
9
10
5248580078058039
9547704896796420
6289707195200843
5798853842763925
8624187624749599
8809420718697992
1525056986834847
9794048701795583
3595032969849768
8020817823645560
6111767952775123
6553816727739170
4027318056243255
966453385218596
6048101201800595
926621205960648
5008428013724655
319800822510908
3298314357647739
2789145940692541
4516202724975450
9225761766489355
8145352578573368
1865003612984269
4886391765431527
3047884259965520
5583596295530793
9680849983063660
5768894936361482
4277066267906244
7
6646534982882791
9413361712833025
5
2918979527632768
2099066264576969
9999999999999999
9557230636987346
259794217952723
9662671380490651
8668366438167464
3023809440920269
9664704075939093
137722236084413
1792034915413455
7759182030919769
2373524031191662
8888888888888889
2
5140232333532728
8488427316538824
5399937248545762
3511157156029876
9591690919036536
8
3974918433682926
70259331669612
2875962695446544
9800609204913255
6476085536474036
7004167254183997
1282715732481254
5020666457236284
6
3460722376249509
7056503669992491
10000000000000000
6293591752463022
2510349515667842
9105944766350409
488409205900555
3
95
6827819567353710
8905856588039146
3958509184801330
695152459665554
7554488253293
2998991827865888
7251855897964201
2824005858510643
4796869012415278
8465866078667568
4
3620875202745012
