100
42
11
1
2018
42590
87681
91101
55652
35606
94362
59395
74874
33421
6458
48426
74388
40630
23509
73052
91614
10
98212
39994
99999
62324
40495
7
61151
49310
95683
41672
88323
19074
45615
26211
4721
2
79193
3
25461
5
41669
46168
51113
1573
53003
2660
5058
61177
94099
53813
84156
25314
30111
86522
37483
20696
95
6
35555
16247
13275
95250
47851
5004
97084
19524
62819
34729
55844
84278
99624
62173
9
70630
48439
14569
70585
12366
71065
4
1258
52405
17166
32461
46646
66942
47987
8
11765
84181
100000
25711
74425
51782
54444
62070
99185
49992
15888
