100
42
11
1
2018
6
27499
86999
45024
98944
57993
2
1804
47779
10
52344
98491
4
12026
76952
84146
36883
56186
13632
35142
83206
12406
36220
72831
16885
9
7
40473
51418
8
89265
76942
31172
51571
13892
51340
21008
31514
99999
90299
2981
50225
67831
70250
21282
34926
84068
53900
92602
40556
32123
36527
60897
59936
26844
23729
23790
43951
69418
95
82202
7464
9738
39774
20958
74443
5757
16990
3
54044
55473
3678
48657
41427
10028
34948
28273
11030
52132
3489
45978
100000
12107
79946
5
49192
40661
4231
64055
89305
40573
99675
74805
82315
56786
52014
