100
42
11
1
2018
60826
4
28638
26176
62442
41807
57974
27618
50195
80486
563
76639
64269
12180
14103
73378
91071
66816
94279
25683
74553
5
52798
49334
59151
12651
88972
63865
55943
79439
33546
24611
31888
72260
97422
10773
94588
2
91389
100000
64860
63380
8357
95
78317
92104
79592
36180
24737
6673
67647
9
3470
65157
64808
74941
20083
8
52604
44196
54903
45077
6
52568
48943
46649
41922
47519
3
99999
14597
46523
95267
83017
32625
69172
3869
53126
54779
23416
33498
83935
33350
25046
98748
10
7
58030
81140
94091
76978
79046
78323
15235
13626
71142
